19082 19134
19034 19136
19183 19900
19317 19900
19356 19900
19366 19900
19244 19164
19100 19178
19091 19185
19373 19190
19056 19201
19106 19201
19108 19201
19353 19201
19035 19221
19120 19221
19121 19221
19119 19013
19151 19013
19347 19013
19392 19013
19229 19032
19004 19037
19245 19037
19302 19037
19388 19037
19031 19051
19195 19051
19044 19065
19057 19065
19093 19065
19147 19065
19166 19065
19239 19065
19246 19065
19291 19065
19326 19065
19371 19065
19393 19065
19398 19065
19364 19066
19379 19073
19382 19078
19063 19081
19111 19081
19256 19081
19211 19085
19083 19101
19152 19101
19153 19101
19156 19101
19176 19101
19243 19101
19295 19101
19314 19101
19370 19101
19019 19110
19061 19110
19332 19110
19378 19110
19017 19114
19040 19118
19076 19118
19123 19118
19189 19118
19322 19118
19330 19118
19285 19283
19102 19294
19075 19296
19117 19297
19333 19309
19010 19310
19016 19310
19049 19310
19068 19310
19080 19310
19098 19310
19157 19310
19170 19310
19180 19310
19225 19310
19240 19310
19248 19310
19255 19310
19268 19310
19284 19310
19025 19316
19231 19316
19247 19316
19033 19320
19112 19320
19163 19320
19187 19320
19277 19331
19141 19340
19188 19340
19232 19340
19280 19340
19141 19340
19343 19340
19053 19352
19228 19352
19275 19352
19381 19352
19030 19368
19175 19403
19387 19403
